Report Myrmidons - Ant Simulator |2020-10-15 09:27:41
LogicTime|AnthillFood|ForagingAntSize|ForagingAntChange|PatrollingAntSize|PatrollingAntChange|EnemySize
20			2000		84					84				36					36				50
40			2000		84					0				36					0				0
60			2000		85					1				36					0				0
80			2000		84					-1				36					0				0
Report Myrmidons - Ant Simulator |2020-10-15 09:29:29
LogicTime|AnthillFood|ForagingAntSize|ForagingAntChange|PatrollingAntSize|PatrollingAntChange|EnemySize
20			2000		84					84				36					36				50
40			2000		81					-3				36					0				-2
60			2000		81					0				36					0				0
80			2000		81					0				36					0				0
100			2000		81					0				36					0				0
120			2000		80					-1				36					0				0
140			2008		80					0				37					1				-1
160			2016		80					0				37					0				0
180			2044		81					1				37					0				0
200			2043		81					0				37					0				0
220			1944		82					1				38					1				0
240			1730		82					0				39					1				0
260			1704		82					0				39					0				0
280			1712		81					-1				39					0				0
300			1738		80					-1				38					-1				0
320			1751		81					1				38					0				0
340			1766		80					-1				38					0				0
360			1776		80					0				38					0				0
380			1746		80					0				37					-1				0
400			1626		81					1				37					0				0
420			1532		80					-1				38					1				0
440			1468		81					1				37					-1				-1
460			1430		80					-1				37					0				0
480			1420		79					-1				37					0				0
500			1421		78					-1				37					0				-1
520			1415		78					0				38					1				0
540			1349		78					0				37					-1				0
560			1292		78					0				37					0				0
580			1201		78					0				37					0				0
600			1159		79					1				36					-1				0
620			1103		79					0				36					0				0
640			1068		80					1				36					0				0
660			1068		80					0				36					0				0
680			1107		78					-2				36					0				0
700			1075		74					-4				34					-2				0
720			1031		72					-2				34					0				0
740			963		67					-5				34					0				0
760			894		65					-2				33					-1				-1
780			832		65					0				33					0				0
800			813		65					0				33					0				0
820			754		66					1				33					0				0
840			719		66					0				33					0				0
860			687		65					-1				34					1				0
880			675		65					0				34					0				0
900			641		65					0				34					0				0
920			594		64					-1				34					0				0
940			547		64					0				34					0				0
960			495		64					0				34					0				0
980			453		65					1				34					0				0
1000			398		65					0				34					0				0
1020			383		65					0				34					0				0
1040			354		65					0				34					0				0
1060			309		62					-3				34					0				-1
1080			265		62					0				34					0				0
1100			170		62					0				34					0				0
1120			124		62					0				34					0				0
1140			70		61					-1				34					0				0
1160			38		61					0				34					0				0
1180			2		61					0				34					0				0
1200			0		61					0				34					0				0
1220			0		61					0				33					-1				0
1240			10		61					0				33					0				0
1260			0		60					-1				33					0				0
1280			0		60					0				33					0				0
1300			0		60					0				33					0				0
1320			0		59					-1				33					0				0
1340			0		58					-1				33					0				0
1360			0		58					0				33					0				0
1380			0		58					0				33					0				0
1400			0		58					0				33					0				0
1420			0		58					0				33					0				0
1440			0		58					0				33					0				0
1460			0		58					0				33					0				0
1480			0		58					0				33					0				0
1500			0		58					0				33					0				0
1520			0		58					0				33					0				0
1540			0		58					0				32					-1				0
1560			0		57					-1				32					0				0
1580			0		54					-3				30					-2				0
1600			0		51					-3				28					-2				0
1620			0		48					-3				24					-4				0
1640			0		40					-8				21					-3				0
1660			0		32					-8				15					-6				0
1680			0		24					-8				8					-7				0
1700			0		17					-7				6					-2				0
1720			0		13					-4				4					-2				0
1740			0		9					-4				3					-1				0
1760			0		7					-2				1					-2				0
1780			0		6					-1				0					-1				0
1800			0		6					0				0					0				0
1820			0		5					-1				0					0				0
1840			0		4					-1				0					0				0
1860			0		3					-1				0					0				0
1880			0		3					0				0					0				0
1900			0		2					-1				0					0				0
1920			0		2					0				0					0				0
1940			0		2					0				0					0				0
1960			0		2					0				0					0				0
1980			0		1					-1				0					0				0
2000			0		1					0				0					0				0
2020			0		1					0				0					0				0
2040			0		1					0				0					0				0
2060			0		1					0				0					0				0
2080			0		0					-1				0					0				0
Report Myrmidons - Ant Simulator |2020-10-15 10:59:33
LogicTime|AnthillFood|ForagingAntSize|ForagingAntChange|PatrollingAntSize|PatrollingAntChange|EnemySize
Report Myrmidons - Ant Simulator |2020-10-15 11:01:32
LogicTime|AnthillFood|ForagingAntSize|ForagingAntChange|PatrollingAntSize|PatrollingAntChange|EnemySize
20			2000		84					84				36					36				50
40			2000		82					-2				37					1				0
60			2000		82					0				37					0				-2
80			2000		82					0				39					2				0
100			2000		82					0				39					0				0
120			2000		82					0				39					0				0
140			2000		82					0				39					0				-1
160			2009		81					-1				39					0				0
180			2021		81					0				39					0				-1
200			2048		81					0				39					0				0
220			1984		81					0				39					0				-2
240			1826		82					1				39					0				0
260			1759		82					0				39					0				0
280			1747		82					0				37					-2				0
300			1749		82					0				37					0				0
320			1749		82					0				37					0				0
340			1763		82					0				37					0				0
360			1801		82					0				37					0				0
380			1782		82					0				37					0				0
400			1588		84					2				37					0				0
420			1454		85					1				37					0				0
440			1378		86					1				37					0				0
460			1373		87					1				38					1				0
480			1373		86					-1				37					-1				0
500			1403		86					0				35					-2				0
520			1401		86					0				35					0				0
540			1384		86					0				36					1				0
560			1295		85					-1				36					0				0
580			1160		85					0				36					0				0
600			1080		85					0				36					0				0
620			1032		85					0				36					0				0
640			1005		85					0				36					0				0
660			1006		86					1				36					0				0
680			993		86					0				36					0				0
700			949		85					-1				36					0				0
720			879		86					1				36					0				0
740			755		86					0				36					0				0
760			682		86					0				36					0				0
780			603		86					0				36					0				0
800			583		86					0				36					0				0
820			556		86					0				36					0				0
840			566		86					0				36					0				0
860			525		86					0				36					0				0
880			461		86					0				36					0				0
900			396		86					0				36					0				0
920			281		86					0				36					0				0
Report Myrmidons - Ant Simulator |2020-10-15 16:33:00
LogicTime|AnthillFood|ForagingAntSize|ForagingAntChange|PatrollingAntSize|PatrollingAntChange|EnemySize
20			2000		82					82				36					36				50
40			2000		78					-4				36					0				-1
60			2000		78					0				36					0				-2
80			2000		76					-2				36					0				0
100			2000		76					0				36					0				-1
120			2000		76					0				36					0				0
140			2000		76					0				36					0				0
160			2007		77					1				36					0				0
180			2022		79					2				36					0				0
200			2049		78					-1				36					0				0
220			2030		77					-1				37					1				0
240			1845		77					0				37					0				0
260			1789		77					0				37					0				0
280			1798		77					0				37					0				0
300			1804		77					0				37					0				0
320			1818		76					-1				37					0				0
340			1846		76					0				35					-2				0
360			1871		77					1				34					-1				0
380			1853		77					0				32					-2				0
400			1732		77					0				32					0				0
420			1553		77					0				32					0				0
440			1482		77					0				32					0				-1
